4879
10539
13194
14504
17420
19649
23840
32628
51674
67205
72001
77019
80813
84655
100789
102687
110541
110867
128624
147361
147625
168331
170672
174058
174227
180869
186208
191113
194140
197111
204909
206413
222671
225780
228708
234628
247019
248219
252287
258565
270417
281624
282824
291190
312922
315333
325073
333848
340941
346733
367466
368708
372344
381610
405493
418113
424356
432375
433006
448414
458776
481441
497927
509806
511819
518674
521263
523047
534518
546680
549920
558328
561128
577551
581845
584015
590739
594295
612996
614123
617349
619086
619697
624804
627459
630642
632948
636097
653371
657466
658571
659641
661907
664779
681369
687389
692880
699039
709443
716088
731902
732895
746324
759818
766115
772475
772611
775695
778504
791386
795530
810589
811496
841650
845880
859643
860374
868262
868569
869737
887961
892781
894734
926950
930046
930543
934448
936962
942622
948299
948351
966527
969084
975907
986464
986614
1001187
1007504
1007981
1011154
1024970
1026157
1029163
1044870
1056275
1064373
1079887
1098707
1101622
1113456
1117591
1118297
1123246
1126789
1127507
1136033
1162260
1166651
1174472
1187341
1187542
1192817
1199667
1204948
1206414
1209621
1213955
1218275
1220250
1227213
1238015
1238309
1262287
1280645
1281715
1285837
1293451
1295534
1302698
1304572
1308529
1318004
1320408
1346031
1349085
1353431
1378042
1378105
1396853
1397662
1397990
1401248
1408780
1439985
1455070
1457191
1464499
1472578
1473952
1474077
1484586
1493281
1494981
1495036
1499147
1503363
1509318
1527273
1529652
1539651
1545174
1629295
1663955
1687510
1713271
1713477
1756631
1758002
1780721
1818935
1822090
1822906
1829458
1874719
1933846
1962700
1967798
1992207
2000368
2002884
2007559
2007784
2009188
2011111
2013174
2020662
2022536
2022876
2023115
2023740
2023848
2024647
2029187
2029816
2033151
2034550
2035451
2038246
2038248
2041194
2041537
2044844
2045756
2046965
2047597
2049190
2052538
2055522
2055994
2056059
2069751
2070767
2075565
2077822
2078046
2080152
2081487
2083343
2086849
2089169
2092094
2092335
2093457
2095380
2098449
2099013
2101320
2102098
2103103
2106529
2107157
2111496
2115351
2115353
2118505
2122758
2123123
2123820
2126790
2131592
2132773
2135550
2140224
2143515
2147823
2151065
2152679
2153269
2154195
2156167
2156824
2157417
2158090
2159179
2159808
2162911
2163426
2164041
2164115
2164796
2164950
2165055
2168777
2168825
2171047
2171667
2174844
2177187
2177865
2179231
2181664
2182961
2183187
2183919
2184156
2184783
2184797
2186015
2191499
2194407
2196145
2197630
2198906
2199851
2203552
2205940
2207863
2210649
2210713
2211491
2216465
2234752
2255599
2259904
2275768
2279103
2282174
2334091
2345065
2345491
2370282
2375717
2385123
2389234
2392124
2403161
2410572
2428155
2437393
2441478
2459531
2501067
2531074
2560084
2595492
2602277
2602853
2608365
2610935
2612157
2621854
2628217
2648529
2659861
2676114
2685249
2685833
2692411
2718130
2718302
2720170
2723765
2729790
2741303
2741634
2758081
2759831
2763334
2781907
2788596
2807433
2815227
2831703
2835183
2842435
2843691
2854530
2856145
2873055
2883136
2886541
2894544
2916525
2923539
2934281
2937274
2939330
2947384
2953769
2958711
2968087
2971904
2973076
2974993
3003291
3010418
3040267
3042662
3058377
3079368
3082668
3130926
3139639
3146786
3157977
3166711
3188894
3224668
3234598
3241974
3253493
3291227
3316002
3327503
3330761
3339488
3373532
3379144
3409927
3416764
3436507
3443633
3452415
3460902
3464709
3488711
3506817
3538176
3539495
3558287
3568539
3586310
3609812
3610529
3615954
3628533
3628592
3648378
3665388
3667222
3684922
3694715
3696031
3697859
3717936
3740147
3741290
3777035
3779193
3851734
3853415
3903141
3905403
3909084
3930261
3935820
3968754
3969827
3977724
3980744
4021072
4022713
4023673
4023988
4032982
4047342
4058935
4062965
4112868
4133970
4148616
4156751
4165748
4168672
4199364
4215566
4226054
4239862
4295926
4310122
4342472
4488970
4566822
4568570
4575927
4599052
4627572
4629433
4647725
4652003
4664141
4672804
4681328
4690407
4693524
4709744
4718915
4720502
4724569
4741653
4782261
4790185
4804120
4809024
4826048
4842977
4927095
4937103
4960069
4961187
4961403
4965413
4980116
4985274
4996487
5031219
5068340
5087191
5129542
5160718
5196470
5209156
5238052
5250436
5260554
5267139
5268969
5288807
5317512
5339456
5341373
5348778
5404623
5426768
5436772
5443347
5458220
5474853
5501890
5516715
5532020
5539539
5539952
5547490
5566654
5572667
5593870
5600639
5609966
5612712
5619644
5635761
5649651
5666561
5670144
5680441
5686032
5692827
5720054
5721596
5735628
5826774
5835644
5864885
5879726
5881434
5887068
5889191
5910972
5938385
5960268
6002980
6004976
6070764
6071737
6163057
6177169
6224291
6251754
6288140
6308583
6315986
6357374
6367894
6372808
6374781
6402783
6425154
6449828
6465961
6473078
6493810
6509190
6519879
6557018
6568268
6571756
6574417
6577371
6578946
6629816
6633661
6640222
6674324
6682623
6693447
6706892
6718064
6730478
6841834
6857147
6874374
6890570
6925717
6926232
6932663
6934596
6939628
6940695
6958675
6959090
6995026
7004427
7013744
7020017
7035867
7066738
7111280
7116448
7123816
7153622
7168701
7193514
7194616
7201835
7205457
7210726
7213981
7236265
7260342
7272393
7274928
7280302
7283229
7313332
7342853
7344995
7372109
7373971
7458863
7465780
7468563
7475016
7486734
7513114
7513310
7529543
7551680
7563548
7594557
7624400
7629879
7649738
7656927
7658716
7676177
7695227
7700895
7706205
7732839
7755473
7758590
7765616
7785292
7786608
7812203
7838986
7846169
7848534
7856358
7867220
7901414
8029859
8032341
8069479
8071166
8093621
8127135
8132031
8144648
8156441
8214116
8223634
8224250
8269736
8283257
8308706
8334515
8343724
8358042
8366778
8371724
8372090
8415601
8441119
8453344
8498050
8501962
8510422
8564103
8564823
8587028
8605869
8634486
8649234
8669208
8686962
8698891
8713888
8715455
8716256
8717410
8725573
8726194
8728753
8729570
8736324
8748066
8751725
8752960
8759998
8778014
8812408
8821540
8847536
8872378
8874736
8879132
8882950
8882956
8884976
8903101
8908662
8909585
8915215
8921596
8952030
8954119
8967750
8969502
8992324
8995262
9005599
9017217
9025583
9028980
9034825
9038015
9061277
9065388
9073890
9077670
9089152
9098977
9105082
9105799
9118112
9132538
9146658
9153360
9156144
9193538
9200209
9203990
9211057
9212857
9214131
9219524
9222012
9231017
9243882
9245719
9254721
9270849
9300748
9315678
9326361
9326366
9339426
9353026
9354107
9357563
9360307
9362378
9363207
9375818
9385224
9401070
9419227
9436340
9443032
9448726
9461677
9468349
9471355
9475445
9513070
9513109
9521641
9549714
9588158
9588899
9593047
9593055
9593063
9593098
9593888
9600274
9604701
9613694
9618509
9631914
9632494
9635150
9646447
9652462
9675330
9692397
9698170
9738908
9741852
9765730
9780095
9786492
9823614
9827797
9829221
9854449
9865634
9865680
9871994
9876632
9885235
9886031
9898346
9915436
9918855
9920297
9933319
9935146
9936840
9949900
9970729
9989943